Best Epoch =  46
Best AP =  0.871047


Validation
Epoch: 050
Last Data/Batch Time: 0.00004/0.01269
Avg Data/Batch Time: 0.00052/0.01894
total_loss: 1.14692
cls_loss: 0.01995
center_loss: 0.03013
head_cls_loss: 0.26317
head_res_loss: 0.01463
size_cls_loss: 0.00012
size_res_loss: 0.00680
corners_loss: 0.04049
cls_acc: 0.84996
head_acc: 0.90708
size_acc: 1.00000
IoU_2D: 0.83338
IoU_3D: 0.78575
IoU_0.7: 0.86357 
