BEST Epoch =  50 
BEST AP =  0.8416554395482003


Validation
Epoch: 001
Last Data/Batch Time: 0.00002/0.01400
Avg Data/Batch Time: 0.00886/0.02929
total_loss: 2.36006
cls_loss: 0.02042
center_loss: 0.22254
head_cls_loss: 0.32051
head_res_loss: 0.01905
size_cls_loss: 0.00012
size_res_loss: 0.00671
corners_loss: 0.12813
cls_acc: 0.85572
head_acc: 0.89316
size_acc: 1.00000
IoU_2D: 0.81387
IoU_3D: 0.76907
IoU_0.7: 0.84166