BEST Epoch =  44
BEST AP =  0.7829770600326058


Validation
Epoch: 044
Last Data/Batch Time: 0.00002/0.01694
Avg Data/Batch Time: 0.00046/0.02107
total_loss: 1.77568
cls_loss: 0.02490
center_loss: 0.04696
head_cls_loss: 0.45782
head_res_loss: 0.02603
size_cls_loss: 0.00009
size_res_loss: 0.00690
corners_loss: 0.05873
cls_acc: 0.94132
head_acc: 0.84051
size_acc: 1.00000
IoU_2D: 0.80623
IoU_3D: 0.75670
IoU_0.7: 0.78298
