BEST Epoch =  22
BEST AP =  0.8793344075057206


Validation
Epoch: 023
Last Data/Batch Time:0.00003/0.01686
Avg Data/Batch Time:0.00055/0.02259
total_loss: 1.02840
cls_loss: 0.01787
center_loss: 0.02051
head_cls_loss: 0.23621
head_res_loss: 0.01490
size_cls_loss: 0.00012
size_res_loss: 0.00641
corners_loss: 0.03276
cls_acc: 0.91490
head_acc: 0.91508
size_acc: 1.00000
IoU_2D: 0.84268
IoU_3D: 0.79402
IoU_0.7: 0.87933
