BEST Epoch =  44 
BEST AP =  0.8693959128535294


Validation
Epoch: 045
Last Data/Batch Time: 0.00003/0.01686
Avg Data/Batch Time: 0.00056/0.02285
total_loss: 1.10981
cls_loss: 0.02073
center_loss: 0.02214
head_cls_loss: 0.26932
head_res_loss: 0.01600
size_cls_loss: 0.00011
size_res_loss: 0.00636
corners_loss: 0.03503
cls_acc: 0.92646
head_acc: 0.90188
size_acc: 1.00000
IoU_2D: 0.83856
IoU_3D: 0.79115
IoU_0.7: 0.86940
