BEST Epoch =  21
BEST AP =  0.8825621888918594


Validation
Epoch: 022
Last Data/Batch Time:0.00003/0.01700
Avg Data/Batch Time:0.00048/0.02254
total_loss: 1.00922
cls_loss: 0.01884
center_loss: 0.02038
head_cls_loss: 0.24582
head_res_loss: 0.01356
size_cls_loss: 0.00011
size_res_loss: 0.00639
corners_loss: 0.03252
cls_acc: 0.91442
head_acc: 0.91157
size_acc: 1.00000
IoU_2D: 0.84254
IoU_3D: 0.79524
IoU_0.7: 0.88256
